1
2 -I'm Prime
3 -I'm Prime
4
5 -I'm Prime
6
7 -I'm Prime
8
9
10
11 -I'm Prime
12
13 -I'm Prime
14
15
16
17 -I'm Prime
18
19 -I'm Prime
20
21
22
23 -I'm Prime
24
25
26
27
28
29 -I'm Prime
30
31 -I'm Prime
32
33
34
35
36
37 -I'm Prime
38
39
40
41 -I'm Prime
42
43 -I'm Prime
44
45
46
47 -I'm Prime
48
49
50
51
52
53 -I'm Prime
54
55
56
57
58
59 -I'm Prime
60
61 -I'm Prime
62
63
64
65
66
67 -I'm Prime
68
69
70
71 -I'm Prime
72
73 -I'm Prime
74
75
76
77
78
79 -I'm Prime
80
81
82
83 -I'm Prime
84
85
86
87
88
89 -I'm Prime
90
91
92
93
94
95
96
97 -I'm Prime
98
99
100
101 -I'm Prime
102
103 -I'm Prime
104
105
106
107 -I'm Prime
108
109 -I'm Prime
110
111
112
113 -I'm Prime
114
115
116
117
118
119
120
121
122
123
124
125
126
127 -I'm Prime
128
129
130
131 -I'm Prime
132
133
134
135
136
137 -I'm Prime
138
139 -I'm Prime
140
141
142
143
144
145
146
147
148
149 -I'm Prime
150
151 -I'm Prime
152
153
154
155
156
157 -I'm Prime
158
159
160
161
162
163 -I'm Prime
164
165
166
167 -I'm Prime
168
169
170
171
172
173 -I'm Prime
174
175
176
177
178
179 -I'm Prime
180
181 -I'm Prime
182
183
184
185
186
187
188
189
190
191 -I'm Prime
192
193 -I'm Prime
194
195
196
197 -I'm Prime
198
199 -I'm Prime
200
201
202
203
204
205
206
207
208
209
210
211 -I'm Prime
212
213
214
215
216
217
218
219
220
221
222
223 -I'm Prime
224
225
226
227 -I'm Prime
228
229 -I'm Prime
230
231
232
233 -I'm Prime
234
235
236
237
238
239 -I'm Prime
240
241 -I'm Prime
242
243
244
245
246
247
248
249
250
251 -I'm Prime
252
253
254
255
256
257 -I'm Prime
258
259
260
261
262
263 -I'm Prime
264
265
266
267
268
269 -I'm Prime
270
271 -I'm Prime
272
273
274
275
276
277 -I'm Prime
278
279
280
281 -I'm Prime
282
283 -I'm Prime
284
285
286
287
288
289
290
291
292
293 -I'm Prime
294
295
296
297
298
299
300
301
302
303
304
305
306
307 -I'm Prime
308
309
310
311 -I'm Prime
312
313 -I'm Prime
314
315
316
317 -I'm Prime
318
319
320
321
322
323
324
325
326
327
328
329
330
331 -I'm Prime
332
333
334
335
336
337 -I'm Prime
338
339
340
341
342
343
344
345
346
347 -I'm Prime
348
349 -I'm Prime
350
351
352
353 -I'm Prime
354
355
356
357
358
359 -I'm Prime
360
361
362
363
364
365
366
367 -I'm Prime
368
369
370
371
372
373 -I'm Prime
374
375
376
377
378
379 -I'm Prime
380
381
382
383 -I'm Prime
384
385
386
387
388
389 -I'm Prime
390
391
392
393
394
395
396
397 -I'm Prime
398
399
400
401 -I'm Prime
402
403
404
405
406
407
408
409 -I'm Prime
410
411
412
413
414
415
416
417
418
419 -I'm Prime
420
421 -I'm Prime
422
423
424
425
426
427
428
429
430
431 -I'm Prime
432
433 -I'm Prime
434
435
436
437
438
439 -I'm Prime
440
441
442
443 -I'm Prime
444
445
446
447
448
449 -I'm Prime
450
451
452
453
454
455
456
457 -I'm Prime
458
459
460
461 -I'm Prime
462
463 -I'm Prime
464
465
466
467 -I'm Prime
468
469
470
471
472
473
474
475
476
477
478
479 -I'm Prime
480
481
482
483
484
485
486
487 -I'm Prime
488
489
490
491 -I'm Prime
492
493
494
495
496
497
498
499 -I'm Prime
500
501
502
503 -I'm Prime
504
505
506
507
508
509 -I'm Prime
510
511
512
513
514
515
516
517
518
519
520
521 -I'm Prime
522
523 -I'm Prime
524
525
526
527
528
529
530
531
532
533
534
535
536
537
538
539
540
541 -I'm Prime
542
543
544
545
546
547 -I'm Prime
548
549
550
551
552
553
554
555
556
557 -I'm Prime
558
559
560
561
562
563 -I'm Prime
564
565
566
567
568
569 -I'm Prime
570
571 -I'm Prime
572
573
574
575
576
577 -I'm Prime
578
579
580
581
582
583
584
585
586
587 -I'm Prime
588
589
590
591
592
593 -I'm Prime
594
595
596
597
598
599 -I'm Prime
600
601 -I'm Prime
602
603
604
605
606
607 -I'm Prime
608
609
610
611
612
613 -I'm Prime
614
615
616
617 -I'm Prime
618
619 -I'm Prime
620
621
622
623
624
625
626
627
628
629
630
631 -I'm Prime
632
633
634
635
636
637
638
639
640
641 -I'm Prime
642
643 -I'm Prime
644
645
646
647 -I'm Prime
648
649
650
651
652
653 -I'm Prime
654
655
656
657
658
659 -I'm Prime
660
661 -I'm Prime
662
663
664
665
666
667
668
669
670
671
672
673 -I'm Prime
674
675
676
677 -I'm Prime
678
679
680
681
682
683 -I'm Prime
684
685
686
687
688
689
690
691 -I'm Prime
692
693
694
695
696
697
698
699
700
701 -I'm Prime
702
703
704
705
706
707
708
709 -I'm Prime
710
711
712
713
714
715
716
717
718
719 -I'm Prime
720
721
722
723
724
725
726
727 -I'm Prime
728
729
730
731
732
733 -I'm Prime
734
735
736
737
738
739 -I'm Prime
740
741
742
743 -I'm Prime
744
745
746
747
748
749
750
751 -I'm Prime
752
753
754
755
756
757 -I'm Prime
758
759
760
761 -I'm Prime
762
763
764
765
766
767
768
769 -I'm Prime
770
771
772
773 -I'm Prime
774
775
776
777
778
779
780
781
782
783
784
785
786
787 -I'm Prime
788
789
790
791
792
793
794
795
796
797 -I'm Prime
798
799
800
801
802
803
804
805
806
807
808
809 -I'm Prime
810
811 -I'm Prime
812
813
814
815
816
817
818
819
820
821 -I'm Prime
822
823 -I'm Prime
824
825
826
827 -I'm Prime
828
829 -I'm Prime
830
831
832
833
834
835
836
837
838
839 -I'm Prime
840
841
842
843
844
845
846
847
848
849
850
851
852
853 -I'm Prime
854
855
856
857 -I'm Prime
858
859 -I'm Prime
860
861
862
863 -I'm Prime
864
865
866
867
868
869
870
871
872
873
874
875
876
877 -I'm Prime
878
879
880
881 -I'm Prime
882
883 -I'm Prime
884
885
886
887 -I'm Prime
888
889
890
891
892
893
894
895
896
897
898
899
900
901
902
903
904
905
906
907 -I'm Prime
908
909
910
911 -I'm Prime
912
913
914
915
916
917
918
919 -I'm Prime
920
921
922
923
924
925
926
927
928
929 -I'm Prime
930
931
932
933
934
935
936
937 -I'm Prime
938
939
940
941 -I'm Prime
942
943
944
945
946
947 -I'm Prime
948
949
950
951
952
953 -I'm Prime
954
955
956
957
958
959
960
961
962
963
964
965
966
967 -I'm Prime
968
969
970
971 -I'm Prime
972
973
974
975
976
977 -I'm Prime
978
979
980
981
982
983 -I'm Prime
984
985
986
987
988
989
990
991 -I'm Prime
992
993
994
995
996
997 -I'm Prime
998
999
1000
